1 21.5777 0.000118527
2 12.3476 5.62746e-05
3 18.6011 8.96741e-05
4 25.9675 0.000128379
5 33.5711 0.000170619
6 41.6923 0.00021442
7 49.8808 0.000257358
8 57.1549 0.000297806
9 64.5213 0.00033382
10 71.2587 0.000363643
11 76.3633 0.00038643
12 81.7579 0.000400934
13 85.3459 0.000406823
14 86.5801 0.000404153
15 85.3906 0.000393627
16 81.9051 0.000376307
17 76.5368 0.000354119
18 70.0872 0.000329977
19 63.5795 0.00030704
20 58.3485 0.000288916
21 55.0906 0.000278728
22 54.1235 0.000278161
23 55.4624 0.000286517
24 58.439 0.000301132
25 62.3705 0.000318513
26 66.3219 0.000335237
27 69.5615 0.000348578
28 71.5555 0.000356599
29 72.146 0.000358486
30 71.4982 0.000354395
31 69.7706 0.00034511
32 67.2511 0.000332242
33 64.3665 0.000317938
34 61.7272 0.000304618
35 59.754 0.000294574
36 58.8457 0.000289357
37 59.1875 0.000289461
38 60.567 0.00029414
39 62.6513 0.000301753
40 65.0392 0.000310322
41 67.2549 0.000317899
42 68.9163 0.000323023
43 69.6986 0.000324677
44 69.4852 0.000322717
45 68.3708 0.000317629
46 66.5796 0.000310411
47 64.5398 0.000302626
48 62.6964 0.000295979
49 61.384 0.000291923
50 60.9596 0.000291585
51 61.5065 0.000295203
52 62.9793 0.000302116
53 65.0732 0.000310971
54 67.3206 0.000320101
55 69.3101 0.000327906
56 70.6694 0.000333176
57 71.2305 0.00033526
58 70.952 0.000334083
59 69.9888 0.000330201
60 68.5871 0.000324568
61 67.0354 0.000318321
62 65.6859 0.000312783
63 64.7791 0.000309047
64 64.4701 0.000307783
65 64.7942 0.000309069
66 65.6802 0.000312487
67 66.919 0.000317201
68 68.2096 0.000322148
69 69.3157 0.000326275
70 70.0244 0.000328803
71 70.1973 0.000329324
72 69.8383 0.000327822
73 69.0168 0.000324694
74 67.884 0.000320663
75 66.7124 0.000316699
76 65.7822 0.00031378
77 65.3619 0.000312721
78 65.6119 0.000313951
79 66.4489 0.000317462
80 67.7168 0.000322771
81 69.1887 0.000328998
82 70.6234 0.000335102
83 71.8825 0.000340121
84 72.7189 0.000343388
85 73.0545 0.000344568
86 72.909 0.000343728
87 72.4093 0.000341356
88 71.7528 0.000338236
89 71.1281 0.000335209
90 70.6988 0.000333066
91 70.5984 0.000332317
92 70.8925 0.000333179
93 71.5521 0.000335527
94 72.4934 0.000338924
95 73.5635 0.000342759
96 74.5715 0.000346375
97 75.3378 0.000349197
98 75.736 0.000350841
99 75.727 0.000351122
100 75.3441 0.000350165
